8.1
8.2
6.7
6.2
5.6
6.2
6.8
5.6
6.8
50%
7.6
2.1
7.6
7.0
6.6
6.4
6.5
7.9
5.8
7.2
6.9
4.6
40%
6.8
5.9
5.9
6.4
7.1
6.7
5.1
89%
5.6
62%
5.8
4.2
4.9
5.5
6.6
5.0
5.6
5.3
5.3
5.3
4.6
4.9
4.8
7.6
6.1
7.4
6.7
6.5
6.8
6.4
6.3
6.0
88%
1.6
4.2
58%
6.7
8.6
7.8
7.9
8.3
8.2
8.3
7.1
7.3
5.4
7.6
5.2
7.7
8.0
8.3
7.2
7.9
4.7
7.8
83%
4.6
7.4
8.1
6.1
7.8
60%
7.8
7.4
8.3
5.7
7.9
7.7
5.4
7.1
6.9
7.5
7.3
38%
6.2
7.2
6.5
6.9
7.0
7.4
7.4
6.1
7.3
4.3
6.8
7.2
7.3
6.0
7.3
7.1
7.4
4.4
7.8
7.9
7.4
4.6
5.9
5.6
7.1
5.8
1.9
6.2
6.3
6.6
6.6
5.6
5.0
5.2
4.0
4.1
5.5
67%
6.6
6.0
2.8
4.3
5.1
4.1
6.5
4.1
4.1
4.1
6.4
4.2
4.1
6.4
6.2
3.7
6.3
6.6
4.6
3.6
57%
4.3
2.2
3.9
6.4
4.4
5.6
4.9
5.9
4.9
4.5
5.0
3.4
7.9
7.8
6.8
7.3
7.7
5.2
6.8
6.6
6.8
5.1
6.5
3.6
6.9
7.3
6.6
5.1
6.9
65%
5.4
5.6
6.5
69%
5.7
4.7
7.2
5.3
6.4
6.7
55%
4.6
5.8
39%
3.6
6.2
5.1
5.5
4.1
6.8
4.0
5.0
3.4
7.1
6.0
7.4
6.4
7.4
7.0
6.8
6.4
7.0
7.0
7.0
6.9
7.1
5.5
5.1
6.5
6.3
7.9
5.8
6.8
6.4
6.1
6.3
7.2
8.0
66%
73%
6.4
5.4
3.4
94%
5.8
80%
6.0
5.1
6.6
3.7
6.3
4.6
7.1
8.3
20%
5.3
6.8
6.3
83%
65%
87%
6.3
22%
6.7
6.1
60%
8.2
7.3
7.2
6.8
6.9
7.1
7.1
6.2
6.9
7.3
7.0
7.0
3.8
6.8
4.4
5.9
3.6
6.9
7.4
6.8
5.1
6.3
4.3
5.0
6.1
5.5
6.1
6.7
6.1
2.9
5.4
5.3
5.8
4.9
6.4
